# Variance (Varr) Standard Error (SEM) Block Size (B) Number of Blocks (n)
0.000000000000 0.000000000000 1.000000000000 800000.000000000000
0.000000000000 0.000000000000 2.000000000000 400000.000000000000
0.000000000000 0.000000000000 4.000000000000 200000.000000000000
0.000000000000 0.000000000000 8.000000000000 100000.000000000000
0.000000000000 0.000000000000 16.000000000000 50000.000000000000
0.000000000000 0.000000000000 32.000000000000 25000.000000000000
0.000000000000 0.000000000000 64.000000000000 12500.000000000000
0.000000000000 0.000000000000 128.000000000000 6250.000000000000
0.000000000000 0.000000000000 256.000000000000 3125.000000000000
0.000000000000 0.000000000000 512.000000000000 1562.000000000000
0.000000000000 0.000000000000 1024.000000000000 781.000000000000
0.000000000000 0.000000000000 2048.000000000000 390.000000000000
0.000000000000 0.000000000000 4096.000000000000 195.000000000000
0.000000000000 0.000000000000 8192.000000000000 97.000000000000
