# Variance (Varr) Standard Error (SEM) Block Size (B) Number of Blocks (n)
0.971849264476 0.001102184912 1.000000000000 800000.000000000000
0.968957656422 0.001556404234 2.000000000000 400000.000000000000
0.964680966301 0.002196225132 4.000000000000 200000.000000000000
0.956864466467 0.003093322593 8.000000000000 100000.000000000000
0.941933248849 0.004340353094 16.000000000000 50000.000000000000
0.913756140254 0.006045679913 32.000000000000 25000.000000000000
0.860990696255 0.008299352728 64.000000000000 12500.000000000000
0.769968101083 0.011099319627 128.000000000000 6250.000000000000
0.634680208690 0.014251233869 256.000000000000 3125.000000000000
0.442879331747 0.016838453107 512.000000000000 1562.000000000000
0.270464138954 0.018609269610 1024.000000000000 781.000000000000
0.142925603782 0.019143560461 2048.000000000000 390.000000000000
0.073928819599 0.019471059339 4096.000000000000 195.000000000000
0.041168790495 0.020601468893 8192.000000000000 97.000000000000
