# Variance (Varr) Standard Error (SEM) Block Size (B) Number of Blocks (n)
0.192405194954 0.000490414614 1.000000000000 800000.000000000000
0.191200570514 0.000691376472 2.000000000000 400000.000000000000
0.189415273350 0.000973178487 4.000000000000 200000.000000000000
0.186221948749 0.001364631631 8.000000000000 100000.000000000000
0.180103397580 0.001897911471 16.000000000000 50000.000000000000
0.168976709637 0.002599820837 32.000000000000 25000.000000000000
0.149879470247 0.003462709578 64.000000000000 12500.000000000000
0.121686902725 0.004412471466 128.000000000000 6250.000000000000
0.085689082351 0.005236459334 256.000000000000 3125.000000000000
0.052817509188 0.005814982921 512.000000000000 1562.000000000000
0.031179158067 0.006318393577 1024.000000000000 781.000000000000
0.016584676183 0.006521105023 2048.000000000000 390.000000000000
0.008331211236 0.006536372096 4096.000000000000 195.000000000000
0.004037828870 0.006451906830 8192.000000000000 97.000000000000
